# unix_time, cycles_done, cur_path, paths_total, pending_total, pending_favs, map_size, unique_crashes, unique_hangs, max_depth, execs_per_sec
1507427666, 0, 0, 1, 1, 1, 3.43%, 0, 0, 1, 242.42
1507427671, 0, 0, 3, 3, 1, 3.43%, 0, 0, 2, 271.46
1507427682, 0, 0, 6, 6, 1, 3.44%, 0, 0, 2, 278.78
1507427687, 0, 0, 7, 7, 1, 3.44%, 0, 0, 2, 279.22
1507427692, 0, 0, 9, 9, 1, 3.46%, 0, 0, 2, 280.26
1507427702, 0, 0, 11, 11, 1, 3.46%, 0, 0, 2, 281.26
1507427707, 0, 0, 12, 12, 1, 3.46%, 0, 0, 2, 281.03
1507427733, 0, 0, 13, 13, 1, 3.47%, 0, 0, 2, 280.01
1507427784, 0, 0, 14, 14, 1, 3.48%, 0, 0, 2, 270.63
1507427790, 0, 0, 17, 17, 1, 3.48%, 0, 0, 2, 254.68
1507427795, 0, 0, 21, 21, 1, 3.48%, 0, 0, 2, 238.07
1507427800, 0, 0, 29, 29, 1, 3.48%, 0, 0, 2, 232.20
1507427821, 0, 0, 30, 30, 1, 3.48%, 0, 0, 2, 253.41
1507427831, 0, 0, 32, 32, 1, 3.48%, 0, 0, 2, 238.83
1507427851, 0, 0, 33, 33, 1, 3.48%, 0, 0, 2, 264.13
1507427892, 0, 0, 39, 39, 1, 3.48%, 0, 0, 2, 191.35
1507427897, 0, 0, 40, 40, 1, 3.48%, 0, 0, 2, 167.80
1507427902, 0, 0, 42, 42, 1, 3.48%, 0, 0, 2, 161.05
1507427907, 0, 0, 43, 43, 1, 3.48%, 0, 0, 2, 156.34
1507427928, 0, 0, 44, 44, 1, 3.48%, 0, 0, 2, 173.53
1507427938, 0, 0, 46, 46, 1, 3.49%, 0, 0, 2, 173.32
1507427948, 0, 0, 47, 47, 1, 3.49%, 0, 0, 2, 145.77
1507428035, 0, 0, 48, 48, 1, 3.49%, 0, 0, 2, 152.91
1507428112, 0, 0, 49, 49, 1, 3.49%, 0, 0, 2, 141.45
1507428117, 0, 0, 122, 121, 0, 4.18%, 0, 0, 2, 193.87
1507428122, 0, 0, 217, 216, 0, 4.26%, 0, 0, 2, 203.30
1507428127, 0, 5, 243, 242, 53, 4.26%, 0, 0, 2, 217.87
1507428147, 0, 5, 244, 243, 53, 4.26%, 0, 0, 3, 241.09
1507428379, 0, 10, 244, 242, 52, 4.26%, 0, 0, 3, 240.78
1507428575, 0, 31, 244, 241, 51, 4.26%, 0, 0, 3, 232.79
1507428590, 0, 52, 244, 240, 51, 4.26%, 0, 0, 3, 208.53
1507428605, 0, 53, 244, 239, 50, 4.26%, 0, 0, 3, 238.12
1507428620, 0, 53, 248, 242, 49, 4.27%, 0, 0, 3, 171.75
1507428625, 0, 53, 367, 361, 49, 4.35%, 0, 0, 3, 204.11
1507428631, 0, 54, 399, 393, 56, 4.35%, 0, 0, 3, 28.21
1507428652, 0, 55, 399, 392, 55, 4.35%, 0, 0, 3, 225.01
1507428667, 0, 56, 399, 391, 54, 4.35%, 0, 0, 3, 225.63
1507428682, 0, 58, 399, 390, 53, 4.35%, 0, 0, 3, 217.56
1507428698, 0, 59, 399, 389, 52, 4.35%, 0, 0, 3, 237.17
1507428708, 0, 59, 404, 393, 51, 4.36%, 0, 0, 3, 168.23
1507428713, 0, 64, 404, 393, 51, 4.36%, 0, 0, 3, 221.34
1507428719, 0, 65, 404, 392, 50, 4.36%, 0, 0, 3, 223.03
1507428800, 0, 66, 404, 391, 49, 4.36%, 0, 0, 3, 194.66
1507428964, 0, 70, 404, 390, 48, 4.36%, 0, 0, 3, 209.20
1507428975, 0, 71, 404, 389, 47, 4.36%, 0, 0, 3, 193.48
1507428990, 0, 82, 434, 418, 47, 4.36%, 0, 0, 3, 211.47
1507429016, 0, 83, 434, 417, 46, 4.36%, 0, 0, 3, 236.80
1507429032, 0, 86, 434, 416, 45, 4.36%, 0, 0, 3, 218.37
1507429058, 0, 87, 434, 415, 44, 4.36%, 0, 0, 3, 224.48
1507429068, 0, 93, 434, 414, 43, 4.36%, 0, 0, 3, 213.17
1507429129, 0, 96, 446, 425, 42, 4.36%, 0, 0, 3, 215.62
1507429149, 0, 108, 446, 424, 41, 4.36%, 0, 0, 3, 224.90
1507429175, 0, 115, 446, 423, 40, 4.36%, 0, 0, 3, 232.77
1507429191, 0, 117, 446, 422, 39, 4.36%, 0, 0, 3, 205.78
1507429242, 0, 120, 446, 421, 38, 4.36%, 0, 0, 3, 219.92
1507429273, 0, 122, 455, 429, 37, 4.36%, 0, 0, 3, 221.84
1507429309, 0, 126, 455, 428, 36, 4.36%, 0, 0, 3, 164.14
1507429395, 0, 129, 455, 427, 35, 4.36%, 0, 0, 3, 184.44
1507429462, 0, 133, 455, 426, 34, 4.36%, 0, 0, 3, 233.54
1507429483, 0, 134, 455, 425, 33, 4.36%, 0, 0, 3, 236.00
1507429524, 0, 134, 456, 426, 33, 4.36%, 0, 0, 3, 233.76
1507429534, 0, 146, 489, 458, 33, 4.37%, 0, 0, 3, 214.74
1507429560, 0, 146, 491, 460, 33, 4.38%, 0, 0, 3, 243.20
1507429585, 0, 156, 491, 459, 33, 4.38%, 0, 0, 3, 216.97
1507429606, 0, 162, 491, 458, 32, 4.38%, 0, 0, 3, 206.32
1507429631, 0, 166, 491, 457, 31, 4.38%, 0, 0, 3, 191.51
1507429657, 0, 207, 491, 456, 30, 4.38%, 0, 0, 3, 223.88
1507429693, 0, 220, 503, 467, 29, 4.38%, 0, 0, 3, 246.76
1507429718, 0, 233, 503, 466, 28, 4.38%, 0, 0, 3, 210.84
1507429744, 0, 245, 503, 465, 27, 4.38%, 0, 0, 3, 237.38
1507429799, 0, 260, 503, 464, 26, 4.38%, 0, 0, 3, 230.27
1507429826, 0, 262, 503, 463, 25, 4.38%, 0, 0, 3, 241.28
1507429876, 0, 265, 508, 467, 25, 4.38%, 0, 0, 3, 224.70
1507429948, 0, 267, 508, 466, 24, 4.38%, 0, 0, 3, 230.59
1507430020, 0, 267, 509, 467, 24, 4.39%, 0, 0, 3, 244.23
1507430285, 0, 268, 509, 466, 24, 4.39%, 0, 0, 3, 216.99
1507430639, 0, 271, 509, 465, 23, 4.39%, 0, 0, 3, 189.66
1507430664, 0, 272, 509, 464, 22, 4.39%, 0, 0, 3, 217.49
1507430720, 0, 275, 540, 494, 23, 4.39%, 0, 0, 3, 232.93
1507431124, 0, 278, 540, 493, 22, 4.39%, 0, 0, 3, 248.85
1507431155, 0, 282, 540, 492, 21, 4.39%, 0, 0, 3, 156.84
1507431206, 0, 290, 540, 491, 20, 4.39%, 0, 0, 3, 146.69
1507431405, 0, 298, 540, 490, 19, 4.39%, 0, 0, 3, 223.33
1507431497, 0, 300, 558, 507, 18, 4.39%, 0, 0, 3, 172.97
1507431568, 0, 321, 558, 506, 17, 4.39%, 0, 0, 3, 199.15
1507431767, 0, 323, 558, 505, 16, 4.39%, 0, 0, 3, 205.11
1507435086, 0, 325, 558, 504, 15, 4.39%, 0, 0, 3, 221.88
1507435789, 0, 398, 558, 503, 14, 4.39%, 0, 0, 3, 245.62
1507435830, 0, 399, 588, 532, 16, 4.40%, 0, 0, 3, 192.08
1507435845, 0, 399, 589, 533, 16, 4.40%, 0, 0, 3, 242.32
1507435866, 0, 403, 589, 532, 16, 4.40%, 0, 0, 3, 187.82
1507435896, 0, 407, 589, 531, 15, 4.40%, 0, 0, 3, 171.33
1507435927, 0, 414, 589, 530, 14, 4.40%, 0, 0, 3, 212.86
1507439180, 0, 414, 590, 531, 14, 4.40%, 0, 0, 3, 259.92
1507439205, 0, 460, 590, 530, 13, 4.40%, 0, 0, 3, 211.56
1507439286, 0, 489, 624, 563, 15, 4.45%, 0, 0, 3, 172.32
1507439337, 0, 511, 624, 562, 14, 4.45%, 0, 0, 3, 177.19
1507439419, 0, 513, 624, 561, 14, 4.45%, 0, 0, 3, 148.58
1507439765, 0, 522, 624, 560, 13, 4.45%, 0, 0, 3, 198.85
1507439974, 0, 528, 624, 559, 12, 4.45%, 0, 0, 3, 216.05
1507440182, 0, 577, 631, 565, 11, 4.45%, 0, 0, 3, 225.73
1507440228, 0, 578, 631, 564, 10, 4.45%, 0, 0, 3, 189.15
1507440259, 0, 581, 631, 563, 9, 4.45%, 0, 0, 3, 224.32
1507440289, 0, 598, 631, 562, 8, 4.45%, 0, 0, 3, 209.89
1507440340, 0, 599, 631, 561, 7, 4.45%, 0, 0, 3, 225.31
1507440487, 0, 602, 636, 565, 6, 4.45%, 0, 0, 3, 184.59
1507441550, 0, 603, 636, 564, 5, 4.45%, 0, 0, 3, 149.80
1507470597, 0, 607, 636, 563, 4, 4.45%, 0, 0, 3, 156.96
1507470720, 0, 609, 636, 562, 3, 4.45%, 0, 0, 3, 231.91
1507470776, 0, 609, 637, 563, 3, 4.45%, 0, 0, 3, 146.75
1507470786, 0, 612, 637, 562, 2, 4.45%, 0, 0, 3, 224.47
1507470812, 0, 612, 731, 655, 1, 4.45%, 0, 0, 3, 193.56
1507470817, 0, 612, 777, 701, 1, 4.46%, 0, 0, 3, 25.79
1507470822, 0, 634, 777, 701, 7, 4.46%, 0, 0, 3, 215.57
1507471132, 0, 638, 777, 700, 7, 4.46%, 0, 0, 3, 205.45
1507471412, 0, 663, 777, 699, 7, 4.46%, 0, 0, 3, 206.75
1507471483, 0, 692, 777, 698, 6, 4.46%, 0, 0, 3, 239.07
